Name: Golem

Rarity: Epic

Cost: 8

Range: Melee

DeployTime: 3

HitSpeed: 2.5 sec

Levels|Hitpoints|Damage|DPS|DeathDamage
---------|---------|---------|---------|---------
1|3200|195|78|195
2|3520|214|85|214
3|3872|235|94|235
4|4256|259|103|259
5|4672|284|113|284
6|5120|312|124|312
7|5632|343|137|343
8|6176|376|150|376


Golemites

Levels|Hitpoints|Damage|DPS|DeathDamage
---------|---------|---------|---------|---------
1|650|40|16|40
2|715|44|18|44
3|786|48|19|48
4|864|53|21|53
5|949|58|23|58
6|1040|64|26|64
7|1144|70|28|70
8|1254|77|31|77
